16020031
16020034
16020039
16020046
16020053
16020058
16020064
16020076
16020106
16020113
16020115
16020120
16020122
16020128
16020130
16020137
16020139
16020144
16020150
16020153
16020155
16020158
16020173
16020179
16020180
16020181
16020183
16020190
16020205
16020211
16020213
16020221
16020223
16020236
16020243
16020244
16020247
16020249
16020250
16020259
16020269
16020278
16020281
16020282
16020288
16020292
16020296
16020297
16020332
16020333
16020353
16020376
16020387
16020388
16020392
16020397
16020430
16020438
16020452
16020501
16020515
16020550
16020552
16020622
16020667
16020745
16020752
16020786
16020804
16020837
16020868
16020871
16020882
16020935
16020958
16021014
16021024
16021039
16021040
16021045
16021066
16021086
16021131
16021169
16021170
16021191
16021200
16021214
16021248
16021250
16021254
16021286
16021295
16021353
16021354
16021358
16021361
16021380
16021383
16021416
16021442
16021534
16021535
16021553
16021561
16021590
16021600
16021613
16021666
16021703
16021707
16021734
16021765
16021782
16021815
16021823
16021890
16021918
16022003
16022148
16022183
16022222
16022264
16022308
16022322
16022323
16022327
16022328
16022349
16022351
16022355
16022401
16022403
16022404
16022417
16022421
16022422
16022427
16022429
16022442
16022472
16022475
16022491
